 322,0.0 927,0.24666666666666667 2117,9.408888888888889 917,17.36638888888889 609,18.913611111111113 1603,66.61111111111111 
 20,0.0 2204,0.042222222222222223 2281,0.04611111111111111 2405,0.04694444444444444 1237,0.049444444444444444 1847,0.051666666666666666 1895,0.05527777777777778 2246,0.05583333333333333 192,0.06222222222222222 2391,0.08361111111111111 2132,0.09027777777777778 535,0.09444444444444444 2569,0.0961111111111111 870,0.09944444444444445 506,0.10166666666666667 1917,0.105 12,0.11527777777777778 1238,0.13083333333333333 680,0.13277777777777777 2638,0.1661111111111111 1596,0.18722222222222223 1695,0.19833333333333333 83,0.3522222222222222 1296,0.41055555555555556 723,0.43194444444444446 2337,0.44555555555555554 2099,0.4502777777777778 
 1415,0.0 1852,0.022222222222222223 1847,0.1313888888888889 683,0.8158333333333333 643,41.43666666666667 1333,43.44777777777778 784,850.0502777777778 
 2287,0.0 1610,0.03388888888888889 2585,0.08694444444444445 1311,0.8491666666666666 2062,1.8827777777777779 1207,2.7880555555555557 1077,3.435277777777778 
 2132,0.0 607,0.035277777777777776 500,0.09194444444444444 2115,0.1 520,0.14833333333333334 346,0.22055555555555556 2081,0.3055555555555556 678,0.3908333333333333 516,0.48777777777777775 720,0.8905555555555555 531,0.975 389,1.4652777777777777 1127,1.6 1040,1.961111111111111 2312,1.9847222222222223 2334,2.1155555555555554 1882,2.2525 405,2.658611111111111 200,2.806388888888889 1867,43.522777777777776 
 520,0.0 259,0.06333333333333334 2498,0.22555555555555556 2194,0.35638888888888887 2297,0.7844444444444445 719,0.8336111111111111 2569,0.8375 1816,1.1927777777777777 683,2.1102777777777777 2574,2.5530555555555554 
 1588,0.0 2017,0.022222222222222223 1513,0.02722222222222222 172,0.22694444444444445 1984,0.3136111111111111 358,3.9630555555555556 
 313,0.0 679,0.7136111111111111 1607,1.0238888888888888 440,1.1805555555555556 
 2149,0.0 2108,0.0033333333333333335 1979,0.3175 702,12.639722222222222 
 1698,0.0 2438,0.3397222222222222 1550,0.4325 1445,0.7580555555555556 1270,1.076111111111111 2065,2.017777777777778 1046,4.301666666666667 
 783,0.0 1026,1.908611111111111 54,2.602777777777778 1024,18.137777777777778 2331,70.26527777777778 
 1548,0.0 1986,0.06694444444444445 939,1.0766666666666667 2039,15.128333333333334 
 1490,0.0 1120,27.974166666666665 575,28.01888888888889 2739,28.115833333333335 1554,34.72611111111111 349,37.065 1517,49.92444444444445 30,49.93 
 2617,0.0 2518,0.005 246,0.04611111111111111 108,0.11916666666666667 2411,0.1272222222222222 2000,0.22305555555555556 1724,0.2697222222222222 1023,0.7491666666666666 2657,1.005 366,2.038611111111111 933,2.2419444444444445 917,2.633611111111111 2658,2.8819444444444446 2400,75.14694444444444 
 2183,0.0 1227,0.01972222222222222 551,0.024722222222222222 546,0.027777777777777776 396,0.04861111111111111 441,0.12777777777777777 868,0.16055555555555556 2426,0.5330555555555555 2514,9.707777777777778 
 1198,0.0 1983,0.013888888888888888 1581,0.10777777777777778 2354,0.2925 1423,0.75 1352,1.6552777777777778 1864,2.431388888888889 1648,54.346944444444446 
 411,0.0 1627,1.3358333333333334 624,2.125277777777778 59,9.689166666666667 
 147,0.0 782,3.178888888888889 1182,3.731388888888889 2219,28.976944444444445 1555,51.29333333333334 107,52.878055555555555 176,54.57888888888889 495,54.841388888888886 2419,54.86638888888889 597,54.990833333333335 1196,55.242777777777775 367,57.07694444444444 1425,58.94083333333333 
 2031,0.0 1108,0.24333333333333335 1079,0.36916666666666664 760,0.4022222222222222 1137,0.7541666666666667 1731,2.9244444444444446 60,5.559722222222222 41,21.686666666666667 1451,21.953333333333333 105,21.97277777777778 
 2010,0.0 1004,0.009722222222222222 2162,0.43444444444444447 
 1082,0.0 977,0.03305555555555555 988,0.18055555555555555 1689,28.49 1021,30.620833333333334 763,46.499722222222225 1153,46.545833333333334 1677,46.74666666666667 528,81.83638888888889 946,84.96111111111111 93,106.09194444444445 
 2188,0.0 2136,2.4225 1832,2.984166666666667 
 1958,0.0 1863,0.024722222222222222 1525,0.9325 
 858,0.0 1641,0.0125 1348,0.5125 1244,1.3325 554,1.8627777777777779 1741,20.189166666666665 
 877,0.0 191,0.09361111111111112 2389,0.23694444444444446 319,0.8291666666666667 806,11.908055555555556 1741,22.421666666666667 
 788,0.0 1015,0.4891666666666667 1490,1.3052777777777778 2208,4.967777777777778 295,23.74416666666667 1741,25.4 
 162,0.0 1667,0.0008333333333333334 993,0.002777777777777778 1063,0.0038888888888888888 1560,0.008333333333333333 1166,0.021111111111111112 2755,0.05361111111111111 2282,0.05555555555555555 1260,0.05694444444444444 329,0.17555555555555555 1261,0.23944444444444443 2368,0.255 2568,0.34805555555555556 1590,0.5472222222222223 270,0.8333333333333334 1010,0.9719444444444445 621,1.1822222222222223 1055,2.2244444444444444 1741,2.293888888888889 142,3.0075 738,5.201666666666667 2122,6.386111111111111 1284,13.693055555555556 
 162,0.0 1560,0.0 2603,0.025833333333333333 1631,0.029166666666666667 27,0.034166666666666665 1443,0.035277777777777776 1166,0.1175 491,0.1238888888888889 
 1849,0.0 1260,0.013055555555555556 2688,0.01611111111111111 1764,0.04027777777777778 1232,0.11416666666666667 
 1849,0.0 410,0.0525 207,0.06638888888888889 2266,0.07611111111111112 1702,0.11166666666666666 2315,0.19194444444444445 1542,0.2313888888888889 
 1519,0.0 510,0.045 2,0.0475 329,0.057777777777777775 739,0.10944444444444444 2236,0.18055555555555555 
 924,0.0 2643,0.034444444444444444 2482,0.05527777777777778 602,0.06722222222222222 628,0.08277777777777778 1533,0.08777777777777777 518,0.09305555555555556 1493,0.13027777777777777 1044,0.15777777777777777 2689,0.21583333333333332 1519,0.2588888888888889 
 527,0.0 2228,0.017222222222222222 319,0.01888888888888889 1230,0.029722222222222223 2603,0.03944444444444444 1288,0.06194444444444445 518,0.07111111111111111 187,0.10583333333333333 2523,0.3138888888888889 
 2749,0.0 2122,0.058333333333333334 1453,0.08194444444444444 2735,0.1688888888888889 2618,0.49333333333333335 2329,0.695 1218,1.3611111111111112 2218,4.491944444444444 944,5.307777777777778 545,5.6722222222222225 15,8.092777777777778 1277,8.530277777777778 42,10.463055555555556 1064,12.60388888888889 1741,25.20916666666667 751,26.335833333333333 1553,46.306111111111115 
 1788,0.0 2727,0.001388888888888889 62,0.04055555555555555 2345,0.3947222222222222 1994,4.7747222222222225 984,6.381666666666667 728,7.643055555555556 
 1865,0.0 1448,0.010833333333333334 2176,0.015277777777777777 2661,0.023055555555555555 601,0.029444444444444443 1295,0.052222222222222225 2144,0.06388888888888888 506,0.0661111111111111 1364,0.07277777777777777 728,0.08 2437,0.08861111111111111 1822,0.10277777777777777 2274,0.10833333333333334 2093,0.15861111111111112 1048,0.18472222222222223 1159,0.5966666666666667 787,0.6527777777777778 623,0.7902777777777777 1339,0.8744444444444445 
 21,0.0 658,0.0022222222222222222 2442,0.020555555555555556 1797,0.2569444444444444 1873,0.3625 1071,1.2797222222222222 1299,1.6083333333333334 1893,1.7202777777777778 
 497,0.0 2742,0.051111111111111114 2674,0.059444444444444446 190,0.10277777777777777 2701,0.10472222222222222 1343,0.16916666666666666 1567,0.2452777777777778 444,0.5016666666666667 1805,0.7094444444444444 1930,1.6919444444444445 2237,2.8580555555555556 1376,3.3280555555555558 349,10.867222222222223 
 1520,0.0 2047,0.001388888888888889 2569,0.043055555555555555 2029,0.11055555555555556 2490,0.2222222222222222 1768,41.99138888888889 
 2153,0.0 96,0.06583333333333333 781,0.11361111111111111 542,0.21416666666666667 978,0.5508333333333333 2431,0.7333333333333333 
 2637,0.0 100,0.09472222222222222 2088,0.105 2266,0.12083333333333333 64,0.295 96,0.6441666666666667 347,1.0344444444444445 978,1.116111111111111 2431,1.2886111111111112 942,1.5444444444444445 134,2.9075 91,3.345 1469,3.9844444444444442 
 1796,0.0 2533,0.10472222222222222 2685,0.13555555555555557 825,0.14444444444444443 1991,0.395 1249,0.48305555555555557 
 1166,0.0 587,0.006944444444444444 2059,0.29694444444444446 862,3.52 1741,3.613611111111111 44,12.04888888888889 1159,29.486666666666668 1499,38.326388888888886 1293,68.95555555555555 2045,75.26472222222222 
 1572,0.0 1407,0.105 1966,3.808333333333333 1833,11.34388888888889 
 1602,0.0 1632,0.395 2113,0.4097222222222222 496,2.2769444444444447 603,2.390277777777778 1205,4.098333333333334 1741,10.317777777777778 
 1602,0.0 1061,0.004166666666666667 2139,0.025555555555555557 849,0.07888888888888888 279,0.10527777777777778 2738,0.19027777777777777 2379,0.19416666666666665 885,0.32944444444444443 1632,0.39861111111111114 1946,1.335 1938,1.9047222222222222 496,2.2777777777777777 605,5.398333333333333 1741,10.318333333333333 
 2639,0.0 998,0.013055555555555556 2474,0.01888888888888889 197,0.1325 2576,0.29944444444444446 558,0.7905555555555556 1891,7.523333333333333 
 95,0.0 2165,21.602777777777778 1057,288.3858333333333 
 1115,0.0 1123,0.14666666666666667 2506,0.9919444444444444 2751,75.40416666666667 2769,121.01277777777777 2007,171.9138888888889 2752,217.6911111111111 
 1821,0.0 286,5.89 1320,32.990833333333335 2421,336.0911111111111 2629,413.5130555555556 
 96,0.0 347,0.3516666666666667 978,0.47 2737,0.7116666666666667 1088,4.052222222222222 
 160,0.0 1839,0.13527777777777777 2127,0.15305555555555556 773,2.9452777777777777 1285,10.234166666666667 
 210,0.0 1491,0.3738888888888889 1270,0.7261111111111112 1539,0.8025 2550,1.3177777777777777 2642,1.3733333333333333 777,2.096111111111111 2743,3.4319444444444445 1719,5.528333333333333 1038,5.622222222222222 1935,6.788333333333333 
 2261,0.0 1685,0.8422222222222222 2066,1.0533333333333332 573,1.6133333333333333 
 1036,0.0 470,0.45472222222222225 653,0.5011111111111111 2095,6.053888888888889 
 2478,0.0 1017,1.4113888888888888 2709,1.853888888888889 2259,1.9208333333333334 1719,2.1572222222222224 2019,3.3783333333333334 990,11.21 
 1833,0.0 983,0.10472222222222222 1518,1.0269444444444444 26,1.8025 596,14.49638888888889 1092,36.00222222222222 929,58.5525 
 2164,0.0 1242,4.0377777777777775 1225,41.413333333333334 2632,119.4011111111111 1985,145.0375 1774,167.58638888888888 2507,290.42555555555555 594,311.3727777777778 793,330.8147222222222 
 1528,0.0 1571,21.370555555555555 9,58.41777777777778 776,93.7088888888889 1831,286.6358333333333 2672,607.7605555555556 255,643.1519444444444 2195,1037.4380555555556 
 1210,0.0 48,0.4736111111111111 1005,1.4005555555555556 2461,3.286388888888889 1744,51.48833333333334 2367,75.76027777777777 2654,76.06916666666666 1472,76.43944444444445 977,76.47 1121,76.60916666666667 2401,77.24361111111111 656,79.81527777777778 1545,80.25555555555556 696,80.77222222222223 1919,99.93472222222222 712,306.9197222222222 
 163,0.0 2037,9.487777777777778 2142,16.491944444444446 119,18.254722222222224 916,20.470555555555556 
 701,0.0 1890,9575.786666666667 2177,9579.99888888889 1783,9580.550833333333 1546,9605.907777777778 1730,9628.87388888889 2138,9646.645833333334 1758,12071.534444444444 
 2474,0.0 370,8.703055555555556 2177,19.18861111111111 2253,134.13944444444445 2556,3886.9172222222223 1972,4148.322222222222 
 1564,0.0 1615,6.6386111111111115 1605,317.6638888888889 2262,342.43694444444446 
 123,0.0 1957,0.01888888888888889 2103,0.03833333333333333 2017,0.19916666666666666 508,0.6852777777777778 501,0.8858333333333334 1432,1.991111111111111 1095,2.046388888888889 2309,50.17527777777778 132,51.74055555555555 
 1769,0.0 1692,0.009444444444444445 1199,0.034444444444444444 1709,0.7247222222222223 742,1.2252777777777777 1556,11.647777777777778 1559,11.758611111111112 
 930,0.0 1439,0.0019444444444444444 2034,0.006111111111111111 2542,0.02388888888888889 1007,0.04055555555555555 785,0.04555555555555556 1643,0.21083333333333334 
 1899,0.0 1608,0.06305555555555556 1923,0.06666666666666667 390,1.6855555555555555 1129,9.164166666666667 
 593,0.0 1471,0.39111111111111113 1180,0.6408333333333334 923,1.9091666666666667 2011,11.843055555555555 
 718,0.0 71,11.613888888888889 1028,11.630833333333333 1835,11.689444444444444 1510,11.858888888888888 1093,11.953888888888889 224,12.05 49,12.165555555555555 994,12.242777777777778 656,15.284444444444444 147,18.47222222222222 974,18.47222222222222 968,23.797777777777778 
 958,0.0 2215,0.0 1160,19.95777777777778 917,49.318888888888885 55,49.327222222222225 1078,49.35638888888889 1003,49.36388888888889 1524,76.81777777777778 
 1515,0.0 2026,4081.5866666666666 2461,12283.4425 1426,12284.996944444445 611,12288.997777777779 961,12429.034722222223 
 956,0.0 455,23.371111111111112 443,23.371388888888887 1825,25.43027777777778 697,48.41305555555556 
 1790,0.0 1872,583.2936111111111 2577,1058.8280555555555 462,4014.1311111111113 1894,4394.410555555555 778,5653.003611111111 2450,7154.869722222223 1644,8791.216388888888 304,9412.3075 881,10178.032777777778 2207,11405.78 1331,12074.413055555555 360,12268.719166666666 483,12705.0225 1932,14233.913333333334 1566,14305.893333333333 1233,14354.087777777779 426,14367.698888888888 2477,14761.996388888889 1543,14858.305555555555 
 194,0.0 371,0.03666666666666667 2277,0.09666666666666666 2744,0.18694444444444444 1479,0.2652777777777778 1216,0.5905555555555555 2319,0.9469444444444445 879,12.485 136,48.62833333333333 
 312,0.0 753,0.0002777777777777778 703,0.001388888888888889 792,0.3488888888888889 2448,0.3488888888888889 532,0.5319444444444444 481,1.5155555555555555 595,1.5158333333333334 1228,1.5158333333333334 1856,1.7655555555555555 879,1.7655555555555555 
 1879,0.0 1012,0.0025 1878,0.017222222222222222 725,0.10833333333333334 185,0.1461111111111111 1880,0.18472222222222223 2281,0.23222222222222222 1112,0.26 1459,0.7916666666666666 
 1430,0.0 1599,0.028055555555555556 1081,0.06444444444444444 129,0.15638888888888888 2365,0.30694444444444446 1431,0.505 2241,1.7666666666666666 
 1592,0.0 268,1.4905555555555556 319,4.2347222222222225 271,4.248888888888889 397,4.255277777777778 471,4.2636111111111115 479,4.325555555555556 
 47,0.0 2423,1.501111111111111 2310,2.3433333333333333 2454,9.239166666666666 2532,11.382222222222222 165,14.053888888888888 1994,16.634722222222223 1440,18.31222222222222 
 290,0.0 288,0.014166666666666666 632,0.7041666666666667 327,0.8175 1931,1.055 1483,1.1158333333333332 138,3.7872222222222223 
 2325,0.0 2158,259.7605555555556 976,263.1486111111111 2214,4759.8175 
 588,0.0 2178,0.1075 242,10.416666666666666 556,117.98166666666667 2565,118.12138888888889 722,152.4225 
 1513,0.0 2353,96.55305555555556 416,97.53027777777778 
 1167,0.0 2235,0.05388888888888889 1660,1.8186111111111112 2052,1.915 576,2.997777777777778 342,6.294722222222222 
 1104,0.0 1527,0.01972222222222222 925,0.3447222222222222 669,2.9894444444444446 863,12.524444444444445 
 2383,0.0 2495,1.2144444444444444 1174,1.2397222222222222 1850,2.006388888888889 
 1951,0.0 2263,0.009166666666666667 684,0.07166666666666667 375,0.0913888888888889 2776,0.2713888888888889 685,3.0805555555555557 815,5.0936111111111115 2678,6.113611111111111 775,7.565555555555555 2771,40.55555555555556 
 2631,0.0 2406,0.012222222222222223 921,0.155 116,0.235 1309,0.6961111111111111 980,0.7469444444444444 2626,2.096111111111111 1535,5.453611111111111 199,12.739722222222222 1549,71.80277777777778 
 159,0.0 2634,0.015833333333333335 2519,0.07388888888888889 2489,0.185 2496,362.1272222222222 
 1722,0.0 1612,0.16972222222222222 1806,0.6372222222222222 137,0.8016666666666666 1757,1.0547222222222221 2071,1.1830555555555555 2472,1.835 2342,1.893888888888889 1811,4.696944444444444 1654,6.526944444444444 1635,9.867777777777778 1096,23.01972222222222 2294,23.578333333333333 
 507,0.0 2492,0.08361111111111111 671,0.1075 1620,0.16027777777777777 1945,0.36972222222222223 901,1.9816666666666667 
 533,0.0 1401,0.0 1373,0.04861111111111111 1375,0.3466666666666667 2646,2.9427777777777777 2756,9.033055555555556 1964,10.505555555555556 1394,12.271944444444445 572,13.750555555555556 2747,18.33888888888889 
 533,0.0 1401,0.019444444444444445 796,0.09 1375,0.3827777777777778 2646,1.9922222222222221 2773,2.908888888888889 2756,3.7105555555555556 1964,4.200277777777778 1389,14.120833333333334 1394,14.933055555555555 572,19.248055555555556 1370,21.050555555555555 2276,24.817222222222224 1373,26.34138888888889 
 533,0.0 1375,0.011666666666666667 2559,0.012222222222222223 1373,0.01972222222222222 1401,0.029166666666666667 912,0.03888888888888889 1964,0.0475 796,0.051944444444444446 1169,0.05277777777777778 2646,0.20666666666666667 352,0.2652777777777778 2375,0.4925 925,1.8147222222222221 1389,9.690555555555555 2747,12.12111111111111 2756,13.487777777777778 1066,26.71527777777778 1394,60.05777777777778 
 1401,0.0 2756,0.15888888888888889 1373,1.2444444444444445 533,2.125277777777778 1964,2.6325 2621,12.990277777777777 2759,14.36 2646,17.384166666666665 1394,190.58916666666667 
 1401,0.0 865,0.07805555555555556 423,0.33944444444444444 2757,0.34055555555555556 1373,0.3436111111111111 533,0.9205555555555556 314,1.4858333333333333 2646,2.4969444444444444 1964,4.7283333333333335 2756,8.340833333333334 232,10.356388888888889 1394,208.54222222222222 
 1373,0.0 1944,0.8063888888888889 1394,4.676944444444445 533,8.756944444444445 232,89.2688888888889 1964,145.90444444444444 
 2388,0.0 1964,2.545 1389,7.716388888888889 1373,8.556111111111111 1394,11.29138888888889 533,12.93138888888889 2759,16.764722222222222 2621,112.64444444444445 
 1394,0.0 470,0.005833333333333334 1964,0.04666666666666667 882,0.20472222222222222 2779,0.3411111111111111 687,2.7705555555555557 2759,2.893611111111111 2210,3.2430555555555554 575,7.73 1389,11.249722222222223 533,13.616944444444444 1391,27.544722222222223 1373,42.33611111111111 
 533,0.0 951,0.015 1964,0.034166666666666665 2222,0.03972222222222222 18,0.11333333333333333 493,0.12361111111111112 561,0.36777777777777776 1693,0.3811111111111111 687,0.45916666666666667 2712,1.6211111111111112 2570,1.7527777777777778 1305,2.43 272,4.1097222222222225 1394,4.239722222222222 2762,10.100833333333334 913,17.451944444444443 2761,56.00611111111111 
 533,0.0 2311,0.011666666666666667 1964,0.14722222222222223 2712,0.20527777777777778 558,0.3408333333333333 561,0.615 687,0.7452777777777778 2748,1.3033333333333332 1804,1.5152777777777777 1394,4.526111111111111 310,7.314722222222223 1396,9.904444444444444 
 840,0.0 2432,0.4091666666666667 2604,0.8511111111111112 582,1.6505555555555556 2713,2.546111111111111 2210,2.859722222222222 2621,3.2844444444444445 2712,4.125555555555556 2760,8.616111111111111 2570,13.385833333333334 1041,19.55388888888889 687,295.9861111111111 
 1065,0.0 53,0.24333333333333335 893,0.3188888888888889 728,0.8025 573,2.839166666666667 2460,3.2808333333333333 1030,4.657777777777778 2074,23.95611111111111 310,69.78777777777778 
 53,0.0 1396,41.84583333333333 1014,69.53694444444444 1163,76.22277777777778 
 333,0.0 1378,0.014722222222222222 2046,0.07694444444444444 2283,0.12861111111111112 927,0.43 1202,0.5780555555555555 308,0.6713888888888889 167,0.8744444444444445 1107,0.8944444444444445 1659,1.488888888888889 1049,5.78 2425,6.0072222222222225 2465,8.546388888888888 1969,15.569444444444445 274,72.15277777777777 
 2713,0.0 2774,132.7288888888889 2003,6397.268888888889 1374,6495.238611111111 1391,6611.200277777778 310,6671.423333333333 674,7691.184444444444 1394,7743.066666666667 219,8483.85611111111 
 1697,0.0 2708,0.4811111111111111 2535,0.7619444444444444 796,2.1394444444444445 1964,2.865 1396,4.896388888888889 1373,7.1161111111111115 1394,7.8630555555555555 533,8.56 838,13.580277777777777 2621,134.77694444444444 
 1394,0.0 1389,6.954444444444444 1964,7.302777777777778 912,8.115 533,10.273055555555555 2759,12.767777777777777 1391,15.384444444444444 1373,15.824166666666667 181,21.0075 232,47.522777777777776 
 378,0.0 1964,0.5497222222222222 687,0.5952777777777778 1394,4.389444444444444 1373,17.176666666666666 
 1375,0.0 1964,0.04833333333333333 1386,0.1625 2756,0.41 572,0.4638888888888889 1861,0.47583333333333333 111,0.6325 474,0.9830555555555556 1373,1.0533333333333332 533,1.3091666666666666 1394,1.7772222222222223 2644,1.9955555555555555 143,2.596388888888889 652,5.101666666666667 2668,8.885277777777778 2646,16.499444444444446 2781,73.75666666666666 2747,79.49138888888889 
 1305,0.0 1389,6.2625 533,8.301666666666666 688,12.196388888888889 1394,14.45111111111111 1373,16.071666666666665 687,24.793055555555554 
 1372,0.0 1401,0.011944444444444445 1877,0.029166666666666667 261,0.05583333333333333 1370,0.07944444444444444 917,0.08833333333333333 2748,0.11944444444444445 2646,0.23083333333333333 796,0.3016666666666667 1375,0.8041666666666667 264,0.8105555555555556 942,1.0013888888888889 284,1.1302777777777777 1854,1.18 1147,1.3633333333333333 1641,1.5977777777777777 2756,1.97 1389,2.1825 912,2.255 2758,2.2875 533,2.8672222222222223 572,4.420555555555556 215,8.991388888888888 2773,10.4325 1964,11.73 2759,11.873055555555556 1394,22.47388888888889 1373,33.87388888888889 
 2708,0.0 2510,0.6658333333333334 614,1.3877777777777778 425,1.5952777777777778 1394,8.635277777777778 1395,10.050833333333333 2621,77.59194444444445 687,255.85694444444445 
 688,0.0 2645,1.3530555555555555 1305,3.6127777777777776 1381,4.125277777777778 1846,6.020555555555555 2570,10.286944444444444 687,254.6863888888889 
 1538,0.0 195,0.013333333333333334 2712,0.03194444444444444 1305,0.10722222222222222 2653,0.9966666666666667 1016,1.0130555555555556 1280,6.753333333333333 2694,10.54111111111111 687,300.2138888888889 
 1401,0.0 1375,0.10944444444444444 1373,0.15055555555555555 2767,0.4216666666666667 2369,0.5022222222222222 2314,0.6908333333333333 2712,0.7438888888888889 53,1.1816666666666666 1250,1.1930555555555555 120,1.1941666666666666 2762,1.2155555555555555 1386,2.748611111111111 572,3.3366666666666664 111,3.9769444444444444 533,3.995833333333333 902,6.646111111111111 1964,10.90638888888889 2646,15.877222222222223 1394,22.236666666666668 
 1401,0.0 1373,0.0038888888888888888 533,1.5225 2646,3.140833333333333 2759,7.788055555555555 232,11.00388888888889 1964,67.65527777777778 1394,209.1863888888889 
 111,0.0 1373,0.005 1386,0.012777777777777779 1375,0.01611111111111111 2768,0.02361111111111111 1401,0.042777777777777776 2644,0.1 2646,0.6630555555555555 2369,1.6283333333333334 2747,29.508333333333333 
 1401,0.0 533,0.0375 1375,0.16722222222222222 261,0.265 2369,0.3055555555555556 1386,0.41333333333333333 1373,1.0308333333333333 572,1.9308333333333334 1964,5.771944444444444 2646,10.741388888888888 111,16.239722222222223 1394,17.09861111111111 2747,52.52305555555556 
 949,0.0 2712,0.8905555555555555 2520,1.6861111111111111 493,1.7341666666666666 53,4.314444444444445 1305,5.966944444444445 310,16.87361111111111 687,331.6322222222222 
 2566,0.0 317,0.020277777777777777 2038,0.035 2537,0.04666666666666667 732,0.07805555555555556 211,0.185 1151,0.19722222222222222 
 1506,0.0 2548,0.022222222222222223 1192,0.42333333333333334 1959,0.5416666666666666 1736,0.5805555555555556 
 1701,0.0 808,0.8463888888888889 2271,1.6527777777777777 1619,2.693888888888889 2288,266.16083333333336 
 2629,0.0 540,1071.7163888888888 1549,1071.8013888888888 1828,1073.6777777777777 805,1074.8941666666667 35,1075.0652777777777 1897,1078.128888888889 917,1081.8677777777777 
 1903,0.0 123,0.1025 661,0.1486111111111111 1034,0.2586111111111111 770,1.2022222222222223 972,10.77361111111111 
 1787,0.0 2587,0.013333333333333334 202,0.02722222222222222 917,0.05361111111111111 2499,0.1225 999,0.23694444444444446 650,0.38805555555555554 2284,8.140833333333333 
 458,0.0 247,0.017222222222222222 654,0.0175 415,0.0325 601,0.1527777777777778 1720,0.17583333333333334 537,0.30916666666666665 2119,0.3436111111111111 2241,0.9872222222222222 1114,1.1330555555555555 1676,3.111111111111111 
 1120,0.0 2698,0.0011111111111111111 665,0.014166666666666666 1882,0.47638888888888886 412,0.7755555555555556 560,51.58833333333333 256,94.81694444444445 
 2220,0.0 320,0.0375 2030,0.22166666666666668 292,0.5269444444444444 1477,0.8605555555555555 326,0.9222222222222223 571,0.9863888888888889 2486,1.1613888888888888 1357,1.52 153,1.7966666666666666 954,2.301111111111111 2109,2.466111111111111 439,9.8475 715,13.2175 1601,13.619722222222222 1058,19.988055555555555 435,39.81361111111111 2043,41.18222222222222 967,47.80222222222222 
 641,0.0 112,0.013888888888888888 830,0.0425 421,0.08833333333333333 2293,0.19055555555555556 1642,0.4077777777777778 354,0.4608333333333333 2522,1.7266666666666666 1268,2.703333333333333 315,2.7569444444444446 1387,2.765 642,4.148888888888889 2032,6.983611111111111 1500,21.3925 1721,28.60361111111111 1020,170.6225 
 23,0.0 2669,0.09194444444444444 2184,0.25916666666666666 110,0.2786111111111111 1502,0.3794444444444444 2567,2.445 764,2.9116666666666666 50,3.7583333333333333 1871,6.6963888888888885 1267,7.001388888888889 2182,8.500277777777777 2491,10.328055555555556 1075,23.01888888888889 
 23,0.0 214,0.034166666666666665 1318,0.0636111111111111 1598,0.06805555555555555 1212,0.1963888888888889 1620,0.2411111111111111 1658,0.2866666666666667 1792,0.30833333333333335 126,0.3433333333333333 439,0.5416666666666666 85,0.5788888888888889 403,0.6133333333333333 1630,0.6177777777777778 1721,0.9577777777777777 110,1.0227777777777778 231,1.1377777777777778 1272,1.2330555555555556 2223,1.2916666666666667 2239,1.3944444444444444 671,1.3958333333333333 2307,1.4713888888888889 1301,1.5308333333333333 2669,5.423611111111111 1283,5.876111111111111 1633,20.19 2272,26.989722222222223 45,44.4575 1972,46.27194444444444 
 1941,0.0 1067,0.8891666666666667 1094,1.1758333333333333 1318,5.6241666666666665 2452,6.991388888888889 1449,8.033888888888889 2649,8.34 2385,11.418888888888889 1743,14.01 898,23.192777777777778 1633,26.90111111111111 115,28.981666666666666 2016,29.026944444444446 2700,35.96222222222222 2272,60.57861111111111 2152,83.98583333333333 2323,103.06194444444445 1537,161.89166666666668 2186,170.32444444444445 1263,303.50388888888887 
 1318,0.0 1646,0.12222222222222222 2473,2.311111111111111 957,4.947222222222222 668,5.241388888888889 88,11.795833333333333 2455,11.950555555555555 600,11.96 1668,12.225 1733,12.809722222222222 459,13.578055555555556 1463,14.462222222222222 2725,14.744444444444444 50,17.65277777777778 2730,18.35388888888889 2695,22.32611111111111 1616,22.624444444444446 1084,22.800833333333333 1190,28.576944444444443 1500,106.79222222222222 1317,122.7286111111111 
 2359,0.0 2146,5.348888888888889 931,24.07 1050,26.355833333333333 2027,111.68027777777777 
 46,0.0 2173,0.11944444444444445 2100,0.17027777777777778 153,0.6011111111111112 2446,0.7275 698,1.9852777777777777 2295,55.312777777777775 1307,55.37111111111111 
 2619,0.0 1566,0.29194444444444445 1801,0.73 1812,2.299722222222222 824,2.738611111111111 
 1686,0.0 795,0.17555555555555555 1485,0.17694444444444443 954,2.02 1669,2.6633333333333336 
 218,0.0 1410,6.5119444444444445 2229,7.000555555555556 2485,7.242222222222222 1266,8.097222222222221 1226,8.106944444444444 2578,8.331666666666667 639,8.671388888888888 2534,10.536666666666667 1289,11.66388888888889 1234,13.04861111111111 1142,17.075 2445,30.80527777777778 
 648,0.0 2721,4.191944444444444 
 2635,0.0 2433,3879.5047222222224 2023,4879.653333333334 1300,5477.429722222222 649,5683.8575 250,5730.316111111111 2718,5805.7844444444445 899,5826.2172222222225 2129,5827.641944444445 2273,5928.194444444444 
 2476,0.0 1746,0.015277777777777777 2521,0.052222222222222225 1742,0.09333333333333334 307,0.20444444444444446 871,0.2536111111111111 662,0.3163888888888889 1291,0.3322222222222222 
 2476,0.0 1746,0.006666666666666667 1742,0.034722222222222224 307,0.050555555555555555 871,0.07944444444444444 662,0.10805555555555556 1291,0.11166666666666666 
 1746,0.0 2521,0.043055555555555555 1742,0.08944444444444444 307,0.11527777777777778 871,0.21972222222222224 662,0.24194444444444443 1291,0.25166666666666665 
 2476,0.0 1746,0.018055555555555554 2521,0.06027777777777778 1742,0.07916666666666666 307,0.11 871,0.15222222222222223 662,0.1761111111111111 1291,0.22166666666666668 
 2476,0.0 1746,0.017222222222222222 2521,0.058611111111111114 1742,0.07805555555555556 307,0.10916666666666666 871,0.15888888888888889 662,0.17916666666666667 1291,0.19305555555555556 
 2476,0.0 1746,0.015 2521,0.1125 1742,0.15805555555555556 307,0.19583333333333333 871,0.2727777777777778 662,0.3063888888888889 1291,0.31805555555555554 
 2476,0.0 1746,0.0375 2521,0.20972222222222223 1742,0.2361111111111111 307,0.2961111111111111 871,0.3838888888888889 1291,0.41583333333333333 
 2476,0.0 1746,0.027777777777777776 2521,0.07611111111111112 1742,0.38555555555555554 307,0.4266666666666667 871,0.47444444444444445 662,0.5116666666666667 1291,0.5233333333333333 
 2476,0.0 1746,0.023055555555555555 2521,0.07666666666666666 1742,0.10277777777777777 307,0.2063888888888889 871,0.2625 662,0.30277777777777776 1291,0.3161111111111111 
 2476,0.0 1746,0.02361111111111111 2521,0.12944444444444445 1742,0.15444444444444444 307,0.2747222222222222 871,0.37694444444444447 662,0.44583333333333336 1291,0.4575 
 2476,0.0 1746,0.09777777777777778 2521,0.3738888888888889 1742,0.4002777777777778 307,0.4413888888888889 871,0.5191666666666667 662,0.5586111111111111 1291,0.5708333333333333 
 2476,0.0 1746,0.020833333333333332 2521,0.16833333333333333 1742,0.21333333333333335 307,0.2788888888888889 871,0.7163888888888889 662,0.84 
 1128,0.0 2076,0.8636111111111111 2545,0.8925 
 527,0.0 206,0.06833333333333333 
 8,0.0 2192,0.03277777777777778 2409,0.04833333333333333 2097,0.060833333333333336 2412,0.085 73,0.4211111111111111 
 1470,0.0 321,0.0005555555555555556 2084,0.03361111111111111 1468,0.04055555555555555 1195,0.08777777777777777 2589,0.3466666666666667 
 593,0.0 260,3.0 216,5.371388888888889 2006,16.7625 
 1106,0.0 1464,0.006111111111111111 1354,0.2325 361,3.4433333333333334 
 2463,0.0 2105,0.13194444444444445 488,0.6897222222222222 796,2.066666666666667 2302,2.129722222222222 1290,2.4277777777777776 1554,2.7708333333333335 2411,3.07 2218,3.303611111111111 2324,18.885277777777777 
 1522,0.0 1433,0.025277777777777777 1292,0.034444444444444444 448,0.09638888888888889 1977,0.1388888888888889 2462,0.2286111111111111 281,1.1144444444444443 
 2664,0.0 1522,0.0575 1133,0.08 657,0.32722222222222225 1657,0.4688888888888889 2087,0.49944444444444447 1306,13.529722222222222 
 1418,0.0 1452,0.1313888888888889 1543,1.4019444444444444 790,48.86333333333334 1446,54.81666666666667 515,58.65138888888889 1578,76.88027777777778 164,79.06583333333333 
 2189,0.0 1830,71.94416666666666 
 2569,0.0 1221,1641.7902777777779 779,1778.9183333333333 
 2227,0.0 2736,0.5219444444444444 1851,5.8625 2453,6.370555555555556 920,22.336388888888887 
 2326,0.0 678,268.40444444444444 109,376.81 2083,675.3330555555556 186,711.1741666666667 1708,711.3155555555555 
 737,0.0 1744,5.215 170,7.169722222222222 2249,31.426388888888887 1582,34.00361111111111 39,56.25277777777778 1215,61.571666666666665 
 1281,0.0 1606,2.149722222222222 1729,3.8955555555555557 2336,4.047777777777778 
 2092,0.0 1807,53.3525 2080,97.85833333333333 1921,171.34666666666666 
 25,0.0 2174,192.12944444444443 158,349.16555555555556 2363,408.4147222222222 1072,846.6283333333333 936,1200.8594444444445 
 941,0.0 2511,0.0575 1455,0.3269444444444444 1725,1.118611111111111 2529,1.1355555555555557 766,1.4258333333333333 613,1.7027777777777777 789,2.045 740,2.2533333333333334 979,3.352222222222222 1442,4.062777777777778 1145,4.840277777777778 2160,6.061944444444444 1246,9.65611111111111 1033,17.66138888888889 1734,20.11111111111111 1902,21.316111111111113 2328,25.56972222222222 726,33.21055555555556 1666,33.719722222222224 932,33.729166666666664 1711,33.812222222222225 983,34.82666666666667 1812,45.285 1705,47.575 989,2403.7930555555554 
 1074,0.0 898,0.6186111111111111 236,10.064722222222223 1570,10.203333333333333 837,11.613611111111112 2120,11.821944444444444 1699,13.056944444444444 331,13.204444444444444 1501,34.490833333333335 
 2118,0.0 155,0.01361111111111111 1486,0.7108333333333333 1434,2.6527777777777777 1591,129.07861111111112 849,416.32416666666666 
 579,0.0 985,0.9013888888888889 364,1.565 618,7.213611111111111 
 183,0.0 2650,0.6152777777777778 2068,1.0194444444444444 2554,8.86888888888889 
 891,0.0 2405,0.04055555555555555 2116,0.4533333333333333 2620,0.7705555555555555 2120,0.8497222222222223 898,1.0363888888888888 221,6.1725 
 1727,0.0 296,0.07305555555555555 204,0.09305555555555556 2355,2.528888888888889 1514,4.707777777777777 154,17.46388888888889 826,42.388888888888886 
 1481,0.0 935,0.005555555555555556 1170,0.013888888888888888 1408,0.2038888888888889 1939,0.2363888888888889 1208,0.4738888888888889 853,0.6411111111111111 2201,2.0861111111111112 1379,14.318055555555556 1723,16.38277777777778 
 1512,0.0 586,452.1377777777778 291,6240.197222222222 
 2301,0.0 2327,0.13111111111111112 835,20.81277777777778 940,22.423333333333332 325,164.1913888888889 
 1683,0.0 1775,0.3958333333333333 
 1690,0.0 417,0.07666666666666666 1188,0.29194444444444445 1296,0.4047222222222222 1583,0.6116666666666667 1531,0.8605555555555555 868,1.3341666666666667 
 1791,0.0 1880,0.03333333333333333 1750,0.25805555555555554 1544,4.918888888888889 
 1750,0.0 1791,5.234166666666667 1544,5.296388888888889 
 1767,0.0 309,3409.0475 2636,9625.936666666666 2240,12123.158611111112 
 2216,0.0 350,0.026944444444444444 754,0.2569444444444444 2493,0.6541666666666667 1193,0.845 477,1.955 239,2.4544444444444444 817,3.5508333333333333 2440,5.521388888888889 2381,9.67388888888889 
 1717,0.0 1091,0.0030555555555555557 229,0.3347222222222222 239,1.0508333333333333 817,4.1875 2381,13.210277777777778 
 2690,0.0 1326,1.0627777777777778 474,1.0780555555555555 239,5.9719444444444445 817,7.084722222222222 
 2670,0.0 1684,0.008611111111111111 2381,0.5572222222222222 1326,0.7647222222222222 239,0.8666666666666667 
 1981,0.0 33,0.03111111111111111 1136,0.22944444444444445 2607,0.3902777777777778 2381,0.9491666666666667 239,1.2869444444444444 1326,4.177777777777778 817,4.633611111111111 460,19.125555555555554 
 866,0.0 1326,0.35944444444444446 1209,0.8263888888888888 239,1.3122222222222222 817,2.7091666666666665 460,4.970833333333333 1953,11.964444444444444 2381,12.609166666666667 169,32.9175 
 692,0.0 1217,0.06138888888888889 1150,0.20277777777777778 238,0.5127777777777778 1584,1.0963888888888889 239,1.246388888888889 817,2.2711111111111113 2381,11.3075 
 817,0.0 1326,0.36027777777777775 1371,0.43333333333333335 2381,0.45861111111111114 239,1.5744444444444445 1953,1.835 
 357,0.0 630,0.007222222222222222 239,1.9144444444444444 2527,2.2575 817,5.957777777777777 1140,10.505 2381,12.304166666666667 169,31.696944444444444 
 817,0.0 552,0.1363888888888889 2005,1.3608333333333333 239,3.2430555555555554 2381,11.243611111111111 169,32.49138888888889 
 2161,0.0 2607,1.021111111111111 239,1.655 369,1.923888888888889 2381,24.70277777777778 
 2716,0.0 2525,0.028333333333333332 2381,0.28305555555555556 1773,0.6044444444444445 829,1.2616666666666667 
 874,0.0 2648,0.0275 169,2.6433333333333335 460,5.796666666666667 141,6.067222222222222 2381,7.4975 2682,26.022222222222222 
 2216,0.0 2670,0.008888888888888889 1239,0.01861111111111111 2673,0.7105555555555556 859,1.2744444444444445 2648,2.335277777777778 817,2.5416666666666665 638,5.0125 2381,9.7575 1135,14.515833333333333 2689,14.67361111111111 
 730,0.0 1562,0.1025 963,0.1763888888888889 525,0.18944444444444444 2346,0.2247222222222222 2413,0.22972222222222222 2086,0.34 1536,0.49694444444444447 1806,0.5886111111111111 1887,0.6163888888888889 1614,0.8822222222222222 1139,1.0480555555555555 809,3.3569444444444443 
 1770,0.0 2078,0.0025 1778,0.021388888888888888 1498,0.02638888888888889 2166,0.12916666666666668 2061,0.1413888888888889 2675,0.15194444444444444 819,0.2975 2376,0.3005555555555556 
 1201,0.0 2340,97.8275 541,908.2166666666667 
 2403,0.0 149,0.0002777777777777778 2234,0.0008333333333333334 2467,0.0016666666666666668 2303,0.0019444444444444444 
 1231,0.0 2033,23.85638888888889 2250,30.163333333333334 2322,32.29638888888889 2321,37.33027777777778 
 887,0.0 1526,0.1425 2560,0.5255555555555556 432,0.5605555555555556 103,0.6275 1938,0.7861111111111111 1992,0.7938888888888889 1435,0.9683333333333334 1516,1.0394444444444444 845,2.6969444444444446 2547,8.106111111111112 823,8.5175 365,10.076944444444445 1738,10.500277777777777 710,10.940555555555555 1204,12.11138888888889 1799,14.17388888888889 1987,20.162222222222223 1692,21.978055555555557 162,22.490277777777777 1764,22.545555555555556 945,23.3 579,38.100833333333334 1076,38.16138888888889 1978,38.21111111111111 574,45.59222222222222 
 757,0.0 437,0.016944444444444446 873,0.018055555555555554 1710,0.025555555555555557 2371,0.07722222222222222 1083,0.1063888888888889 252,0.14777777777777779 475,0.19277777777777777 418,0.2286111111111111 1164,0.5344444444444445 2552,1.0905555555555555 
 1735,0.0 1665,2.671666666666667 997,59.163333333333334 
 1808,0.0 2637,0.008333333333333333 1540,0.01138888888888889 2145,0.030833333333333334 1809,0.050555555555555555 433,0.11444444444444445 2740,0.13277777777777777 
 22,0.0 2140,0.005277777777777778 2637,0.014722222222222222 287,0.015 1124,0.0175 1808,0.018333333333333333 135,0.02388888888888889 2360,0.04777777777777778 2605,0.051944444444444446 1842,0.05305555555555556 388,0.06805555555555555 637,0.06805555555555555 379,0.11916666666666667 2505,0.12083333333333333 735,0.12361111111111112 1640,0.13472222222222222 889,0.16027777777777777 2463,0.16694444444444445 581,0.1963888888888889 2265,0.24 1464,0.2563888888888889 1786,0.28555555555555556 2571,0.32166666666666666 83,0.36916666666666664 2333,0.4013888888888889 2717,1.6055555555555556 
 1810,0.0 2098,0.05527777777777778 659,0.0636111111111111 2226,0.11361111111111111 711,0.13166666666666665 1968,0.1661111111111111 2402,0.18722222222222223 670,0.26722222222222225 
 736,0.0 517,0.6102777777777778 445,1.3388888888888888 473,2.4255555555555555 
 736,0.0 1707,5.168888888888889 1171,7.8902777777777775 1369,8.94138888888889 886,76.40055555555556 
 2291,0.0 1388,0.0008333333333333334 1876,0.0011111111111111111 2544,0.001388888888888889 833,0.0022222222222222222 
 1489,0.0 704,2.0866666666666664 1488,2.1444444444444444 503,3.781388888888889 943,68.73361111111112 
 51,0.0 2110,352.335 1353,354.9186111111111 
 1353,0.0 65,21.039444444444445 24,78.03194444444445 
 2451,0.0 1197,3625.0025 2619,4345.1194444444445 
 1447,0.0 2466,4314.605 1998,5035.074166666666 1027,5041.904444444444 1200,5780.804166666667 280,6512.939166666667 477,6541.921944444444 
 2335,0.0 1185,2207.981111111111 1194,2952.6072222222224 387,5134.95 1027,7272.073333333334 106,7272.551944444444 632,8736.121111111112 1118,8740.240277777777 1157,8745.352777777778 
 1647,0.0 973,1007.8411111111111 1926,11880.395 2142,16228.554444444444 1027,16935.170833333334 1677,17678.623055555556 1213,18399.14 1118,18399.844166666666 
 2231,0.0 1118,1.4527777777777777 962,2184.0725 86,2184.2155555555555 743,2184.2630555555556 
 1178,0.0 801,5086.575 2231,5830.825833333333 2179,6550.824166666666 58,6552.960277777778 2187,6554.263888888889 1557,6557.964444444445 
 2590,0.0 1688,741.5266666666666 1118,744.67 2381,1472.036388888889 
 2456,0.0 2013,20.471944444444443 1899,2132.3619444444444 1118,2137.1380555555556 1027,2878.206111111111 300,2946.9380555555554 1716,3596.413611111111 
 2156,0.0 133,761.4725 1403,2208.0116666666668 1118,8761.915555555555 2356,9503.819166666666 1679,9503.951111111111 2231,10223.847222222223 2561,10224.700833333334 2381,10241.915 
 2579,0.0 1652,5975.038611111111 2563,7440.898888888889 2494,9647.026944444444 387,11831.110277777778 2456,14735.221944444444 2356,14736.945277777777 832,15624.506388888889 2179,16199.182222222222 
 2175,0.0 2619,1465.0425 1101,1465.9186111111112 1363,1466.1558333333332 1027,2223.476111111111 6,2929.037222222222 1886,2929.3294444444446 385,2941.4005555555555 1189,2942.0533333333333 
 1926,0.0 1052,2979.006388888889 248,6552.145555555556 1118,8015.893611111111 2610,8016.755 1679,8735.7575 2619,8735.935 1681,8736.838055555556 
 2221,0.0 2414,1463.7447222222222 2528,3672.025277777778 2456,6551.7675 1345,6551.780833333333 2610,6551.885 1118,6552.051666666666 2741,7271.960277777778 
 2575,0.0 280,1178.2316666666666 234,1898.545 
 2540,0.0 369,3624.211111111111 1118,5089.040555555555 2671,5089.767222222222 
 1974,0.0 514,5088.186111111111 1236,5815.495277777778 2169,7269.323333333334 2373,7344.155277777778 
 1999,0.0 834,13130.35861111111 2362,15941.417777777779 2041,18149.251111111113 2531,18869.397222222222 1118,18870.426944444444 
 2212,0.0 1868,2993.0491666666667 2231,7357.519166666667 2741,8038.0175 1118,8039.826666666667 1756,8077.567777777777 1886,8757.839166666667 
 2254,0.0 1345,7971.188611111111 1027,7975.206666666667 2619,8715.214166666667 2381,9436.939722222221 
 2335,0.0 1237,4.293333333333333 2590,22.401944444444446 300,744.7466666666667 2179,745.8747222222222 2270,1464.035 2381,1478.5852777777777 
 1998,0.0 2741,6.318611111111111 2107,724.2380555555555 1118,2184.3347222222224 
 1002,0.0 2619,1464.6583333333333 2590,1465.3455555555556 57,2927.719722222222 1027,2929.610833333333 
 631,0.0 842,0.0002777777777777778 1279,66.17222222222222 660,66.34777777777778 1772,3001.113888888889 
 1161,0.0 1925,0.025277777777777777 693,0.21777777777777776 1905,1.5227777777777778 2009,6.504444444444444 2770,8.917222222222222 
 1224,0.0 1551,0.024722222222222222 1534,0.3988888888888889 2422,839.9677777777778 768,840.6288888888889 
 2341,0.0 2497,0.8833333333333333 1134,1.3494444444444444 2770,1.5266666666666666 2500,1.808888888888889 2180,3.1675 1031,8.302777777777777 
 392,0.0 2553,0.030833333333333334 289,0.08611111111111111 509,0.5180555555555556 1785,0.56 395,0.7736111111111111 1594,1.8891666666666667 548,2.6644444444444444 810,2.979722222222222 
 2372,0.0 1748,0.018055555555555554 2313,3.1594444444444445 1982,3.6930555555555555 
 380,0.0 513,3.959722222222222 359,55.829166666666666 2746,123.80916666666667 318,195.82694444444445 
 2291,0.0 1388,0.0005555555555555556 2544,0.0011111111111111111 2390,0.001388888888888889 833,0.0019444444444444444 1131,0.0022222222222222222 1273,0.0030555555555555557 1322,0.0075 1183,0.008611111111111111 2285,0.008888888888888889 2427,0.0125 
 2291,0.0 1388,0.0002777777777777778 1876,0.0005555555555555556 2544,0.0005555555555555556 2390,0.0008333333333333334 1131,0.0011111111111111111 833,0.0011111111111111111 1183,0.0030555555555555557 2285,0.0030555555555555557 
 2291,0.0 1876,0.0005555555555555556 1388,0.0005555555555555556 2544,0.0008333333333333334 833,0.001388888888888889 
 2291,0.0 1388,0.0011111111111111111 1876,0.001388888888888889 2544,0.0022222222222222222 833,0.0033333333333333335 
 2291,0.0 1876,0.0005555555555555556 1388,0.0005555555555555556 2544,0.0008333333333333334 833,0.001388888888888889 
 2230,0.0 2168,42.00361111111111 2306,435.22805555555556 180,628.5391666666667 2706,657.4938888888889 
 1867,0.0 909,0.09916666666666667 828,0.18222222222222223 1441,0.3302777777777778 2735,1.5127777777777778 938,1.9591666666666667 1349,5.5119444444444445 
 1045,0.0 1331,10821.449722222222 117,11838.164722222222 1360,14575.003611111111 
 498,0.0 1172,0.017222222222222222 1204,0.0275 529,0.02861111111111111 1243,0.07305555555555555 393,0.2288888888888889 384,0.24 591,0.26722222222222225 344,0.27694444444444444 165,1.7733333333333334 2213,20.38861111111111 
 2260,0.0 2445,2.1458333333333335 1461,78.31166666666667 1798,116.95416666666667 995,123.31416666666667 1635,398.75388888888887 2655,432.31916666666666 2278,487.09444444444443 875,581.2322222222223 619,720.8527777777778 1310,774.9652777777778 1271,776.1494444444445 1622,909.7402777777778 2114,1005.8825 1039,1103.1933333333334 
 233,0.0 1949,0.0077777777777777776 2205,0.019166666666666665 427,0.03222222222222222 1152,0.04638888888888889 1420,7.710277777777778 1823,16.749444444444446 
 2719,0.0 1664,0.10083333333333333 19,0.9988888888888889 409,1.633888888888889 872,1.8022222222222222 1252,3.9694444444444446 1010,4.041111111111111 749,17.47833333333333 584,18.289444444444445 
 491,0.0 61,0.7236111111111111 373,0.7519444444444444 1475,0.8938888888888888 1569,0.8980555555555556 1859,0.9033333333333333 1404,1.103611111111111 1457,1.4394444444444445 970,1.4927777777777778 1056,2.451388888888889 1922,3.625277777777778 342,3.742777777777778 1465,4.865833333333334 804,4.918055555555555 1781,7.461666666666667 2652,8.509444444444444 164,11.480277777777777 569,16.424722222222222 1492,17.026944444444446 2048,140.0636111111111 
 913,0.0 2479,2.4191666666666665 476,4.235 
 2430,0.0 812,40.764722222222225 489,49.26111111111111 827,49.654444444444444 1353,60.17888888888889 2137,113.40027777777777 2394,144.51166666666666 
 1337,0.0 864,1789.2969444444445 43,4521.083611111111 
 1229,0.0 2014,22.075277777777778 1927,22.493055555555557 
 1126,0.0 100,0.08555555555555555 2515,21.426944444444445 171,22.503888888888888 1580,22.60611111111111 1869,23.768333333333334 1419,25.7075 1113,26.006944444444443 1651,33.80583333333333 
 2159,0.0 1920,1.613888888888889 2196,1.9169444444444443 1214,3.2083333333333335 130,22.058611111111112 
 53,0.0 1373,0.9583333333333334 2668,8.105277777777777 2621,12.714444444444444 2646,17.101111111111113 1964,48.77638888888889 1394,190.30944444444444 120,251.62777777777777 
 1682,0.0 2358,0.10916666666666666 2304,0.5716666666666667 2200,0.7866666666666666 406,1.6333333333333333 2616,3.7058333333333335 523,11.199722222222222 
 2679,0.0 1460,0.0025 124,0.005555555555555556 2075,0.028055555555555556 1010,1.2694444444444444 1429,2.359166666666667 
 1919,0.0 1857,0.01 2059,0.02361111111111111 244,0.13444444444444445 1629,0.3211111111111111 1368,0.5558333333333333 989,0.6697222222222222 447,11.623611111111112 
 2280,0.0 2387,0.14972222222222223 1955,1.2658333333333334 1975,1.5127777777777778 2624,1.5425 1675,2.5675 910,3.316666666666667 1855,4.676388888888889 1144,8.754166666666666 1604,18.8125 
 1001,0.0 699,0.37444444444444447 1600,0.9508333333333333 148,0.9597222222222223 1006,16.653055555555557 964,25.164166666666667 
 1656,0.0 1777,0.0 1824,0.0 2398,0.0 1334,0.0 2530,0.0 2543,0.0 1416,0.0002777777777777778 7,0.0002777777777777778 1552,0.0002777777777777778 1753,0.0002777777777777778 799,0.0002777777777777778 1840,0.0002777777777777778 1960,0.0002777777777777778 2002,0.0002777777777777778 2125,0.0002777777777777778 1245,0.0002777777777777778 2238,0.0002777777777777778 2255,0.0002777777777777778 1265,0.0002777777777777778 2386,0.0002777777777777778 2524,0.0002777777777777778 
 1552,0.0 799,0.0 2125,0.0 2238,0.0 2320,0.0 2487,0.0 7,0.0002777777777777778 1656,0.0002777777777777778 1753,0.0002777777777777778 1777,0.0002777777777777778 1824,0.0002777777777777778 1960,0.0002777777777777778 2002,0.0002777777777777778 1245,0.0002777777777777778 2255,0.0002777777777777778 1265,0.0002777777777777778 2386,0.0002777777777777778 1334,0.0002777777777777778 2524,0.0002777777777777778 2530,0.0002777777777777778 1416,0.0005555555555555556 2543,0.0005555555555555556 2398,0.0016666666666666668 
 1416,0.0 7,0.0 1552,0.0 1656,0.0 1753,0.0 1777,0.0 799,0.0 1824,0.0 1960,0.0 2002,0.0 2125,0.0 1245,0.0 2238,0.0 2255,0.0 1265,0.0 2320,0.0 2386,0.0 2398,0.0 1334,0.0 2487,0.0 2524,0.0 2530,0.0 2543,0.0 
 1437,0.0 1302,0.0011111111111111111 1191,0.15194444444444444 536,0.15555555555555556 408,0.15666666666666668 2316,0.15805555555555556 400,0.16194444444444445 
 536,0.0 1437,0.0002777777777777778 2269,0.001388888888888889 1302,0.11277777777777778 2126,0.11333333333333333 
 1132,0.0 1302,0.0325 1437,0.03333333333333333 2126,0.6091666666666666 400,0.6116666666666667 
 2601,0.0 1191,0.002777777777777778 1132,0.0038888888888888888 536,0.006111111111111111 408,0.006388888888888889 2126,0.010833333333333334 1754,0.011666666666666667 
 1437,0.0 536,0.0 1132,0.0008333333333333334 408,0.001388888888888889 1754,0.0030555555555555557 2316,0.0033333333333333335 1302,0.006944444444444444 2126,0.0075 400,15.298055555555555 
 536,0.0 1437,0.0002777777777777778 1132,0.0005555555555555556 408,0.0011111111111111111 1754,0.002777777777777778 2316,0.0033333333333333335 1302,0.005833333333333334 
 1437,0.0 408,0.0002777777777777778 1754,0.0008333333333333334 2126,0.0016666666666666668 1302,0.0016666666666666668 400,0.002777777777777778 
 2166,0.0 1990,0.02277777777777778 2436,0.059166666666666666 2209,0.09111111111111111 230,0.1986111111111111 2612,0.2797222222222222 63,0.29527777777777775 
 1980,0.0 2705,2498.7075 
 2508,0.0 1140,3099.6911111111112 2464,3654.567777777778 1338,3654.606111111111 2055,3673.1783333333333 
 1773,0.0 1771,315.7108333333333 538,316.3411111111111 647,336.75138888888887 
 2734,0.0 841,316.5808333333333 422,1019.5513888888889 647,1397.4497222222221 1897,1399.048611111111 1090,1400.1963888888888 
 1996,0.0 275,0.7025 1739,8.731388888888889 
 1967,0.0 2753,5472.674166666667 2296,6801.036666666667 1913,7229.4425 2600,7230.766666666666 490,7230.84 1160,7231.3677777777775 
 2666,0.0 2399,3405.781111111111 2248,4535.558055555555 1897,4536.7797222222225 2090,4561.253611111111 
 2434,0.0 2245,348.8672222222222 2077,575.3422222222222 
 2370,0.0 1575,1429.7169444444444 1206,4870.290555555555 151,8470.224722222221 2101,9070.148888888889 1087,9310.09111111111 269,9374.003055555555 610,9493.748333333333 
 2663,0.0 2143,63.98722222222222 
 2143,0.0 2663,118.41777777777777 
 2143,0.0 2663,96.47 
 2143,0.0 2663,193.01527777777778 
 2143,0.0 2663,197.77277777777778 
 363,0.0 2057,0.019166666666666665 2699,0.030833333333333334 637,0.042222222222222223 1235,0.09083333333333334 664,0.7155555555555555 843,2.5069444444444446 
 2775,0.0 2135,215.88166666666666 
 277,0.0 953,5609.615833333333 1965,5609.684444444444 1577,5609.765 966,5609.93 2429,5610.336944444444 
 1073,0.0 79,3.1783333333333332 2428,3.5866666666666664 2447,10.9 2198,12.453055555555556 2366,13.720277777777778 2258,14.146944444444445 1837,16.412777777777777 1981,19.184444444444445 876,20.660555555555554 1934,22.394444444444446 164,23.668333333333333 1971,58.58861111111111 399,59.283055555555556 
 362,0.0 771,1558.3761111111112 1062,1561.0047222222222 504,1991.6752777777779 184,2000.5938888888888 1511,2070.0219444444447 
 577,0.0 1347,0.22 2233,1.2277777777777779 1222,3.6286111111111112 2099,4.770833333333333 2662,5.585277777777778 2150,7.4625 
 1650,0.0 2035,0.01861111111111111 56,0.020277777777777777 694,0.2627777777777778 30,1.4502777777777778 1586,4.318333333333333 2404,9.211944444444445 2070,22.13388888888889 577,48.06944444444444 444,48.13361111111111 278,48.299166666666665 1904,48.44611111111111 1568,48.59222222222222 423,50.416666666666664 2480,54.52611111111111 1700,70.04722222222222 1687,73.01472222222222 
 2765,0.0 1696,0.10472222222222222 2702,0.5808333333333333 1347,0.7691666666666667 1838,1.1094444444444445 1713,3.0605555555555557 1626,7.685833333333333 1776,18.140555555555554 1001,21.233333333333334 577,23.83222222222222 444,23.900277777777777 278,24.058333333333334 1904,24.20638888888889 1568,24.344722222222224 198,24.545555555555556 423,26.176111111111112 
 144,0.0 734,0.07972222222222222 769,0.5933333333333334 577,1.0669444444444445 278,1.1197222222222223 444,1.1380555555555556 1696,1.1513888888888888 1904,1.4383333333333332 1568,1.5747222222222221 2001,1.6633333333333333 1497,1.7516666666666667 198,1.7802777777777778 1347,2.7525 303,2.7894444444444444 423,3.408888888888889 1222,7.112777777777778 2480,7.518888888888889 1761,8.657222222222222 1636,11.145277777777778 
 1629,0.0 1173,0.9561111111111111 543,1.0605555555555555 1908,1.1133333333333333 1728,1.1419444444444444 1427,1.1494444444444445 1718,1.2525 705,1.3186111111111112 1907,2.671666666666667 1102,2.7441666666666666 1839,3.437222222222222 1105,3.9044444444444446 2457,4.206388888888889 
 72,0.0 1746,0.15583333333333332 2521,0.19916666666666666 307,0.27111111111111114 871,0.37555555555555553 662,0.39805555555555555 1291,0.4075 
 2476,0.0 1746,0.018333333333333333 2521,0.06027777777777778 307,0.11 871,0.15222222222222223 662,0.1763888888888889 1291,0.22166666666666668 
 2476,0.0 1746,0.03027777777777778 2521,0.22083333333333333 307,0.2897222222222222 871,0.37166666666666665 662,0.4386111111111111 1291,0.4558333333333333 
 2476,0.0 1746,0.02388888888888889 2521,0.12 307,0.19361111111111112 871,0.30333333333333334 662,0.3322222222222222 1291,0.3472222222222222 
 2476,0.0 1746,0.023055555555555555 2521,0.07666666666666666 307,0.2061111111111111 871,0.2625 662,0.30277777777777776 1291,0.31583333333333335 
 2476,0.0 1746,0.0975 2521,0.37416666666666665 307,0.44055555555555553 871,0.5186111111111111 662,0.5586111111111111 1291,0.5708333333333333 
 2476,0.0 1746,0.021111111111111112 2521,0.16777777777777778 307,0.2791666666666667 871,0.7161111111111111 1291,0.8116666666666666 662,0.8402777777777778 
 2476,0.0 1746,0.029722222222222223 2521,0.22027777777777777 1742,0.24583333333333332 307,0.28944444444444445 662,0.43833333333333335 1291,0.4552777777777778 
 2476,0.0 1746,0.024444444444444446 2521,0.07083333333333333 1742,0.09666666666666666 307,0.15861111111111112 871,0.21416666666666667 662,0.24305555555555555 1291,0.26666666666666666 
 2476,0.0 1746,0.0975 2521,0.3736111111111111 1742,0.4 307,0.44055555555555553 871,0.5186111111111111 662,0.5586111111111111 1291,0.5708333333333333 
 1329,0.0 1623,0.09638888888888889 1780,0.09638888888888889 1782,0.7333333333333333 1779,3.361388888888889 
 86,0.0 75,3.1972222222222224 1848,3.3508333333333336 368,3.5027777777777778 343,3.683333333333333 70,4.248888888888889 1747,7.264722222222222 
 1149,0.0 354,0.059166666666666666 374,0.06111111111111111 1968,0.09888888888888889 598,0.1922222222222222 570,0.19694444444444445 780,0.20027777777777778 2060,0.23777777777777778 
 2728,0.0 2380,0.009166666666666667 2296,0.4241666666666667 678,0.5394444444444444 524,1.2455555555555555 1573,2.3508333333333336 413,4.5475 1906,4.623055555555555 1670,5.235277777777778 905,13.413611111111111 1156,22.0675 
 2745,0.0 2633,0.09888888888888889 2731,0.10388888888888889 2750,0.16305555555555556 1019,0.1711111111111111 2651,0.20305555555555554 243,0.2775 2696,0.30583333333333335 2677,0.32972222222222225 1358,0.37 1247,0.4588888888888889 2593,0.5311111111111111 1397,0.6188888888888889 
 2731,0.0 2633,0.001388888888888889 2750,0.013333333333333334 1019,0.01361111111111111 243,0.0325 2677,0.03833333333333333 2696,0.04027777777777778 1247,0.057777777777777775 1397,0.08194444444444444 
 2745,0.0 2731,0.12666666666666668 2750,0.22611111111111112 1019,0.23194444444444445 2651,0.25916666666666666 243,0.33444444444444443 2696,0.3611111111111111 2677,0.3863888888888889 1358,0.4013888888888889 1247,0.4411111111111111 2593,0.4713888888888889 1397,0.5075 
 2745,0.0 2633,0.09472222222222222 2731,0.09888888888888889 2750,0.13944444444444445 2651,0.16444444444444445 243,0.20055555555555554 2696,0.2152777777777778 2677,0.22833333333333333 1358,0.24138888888888888 1247,0.2833333333333333 2593,0.31555555555555553 1397,0.3452777777777778 
 2745,0.0 2633,0.0913888888888889 2731,0.0975 2750,0.15361111111111111 1019,0.16055555555555556 2651,0.18888888888888888 243,0.2388888888888889 2696,0.2594444444444444 2677,0.2783333333333333 1358,0.295 1247,0.3452777777777778 2593,0.3858333333333333 1397,0.43777777777777777 
 2745,0.0 2633,0.6755555555555556 2731,0.7133333333333334 2750,1.1555555555555554 1019,1.1683333333333332 2651,1.3025 243,1.6494444444444445 2696,1.7769444444444444 2677,1.9002777777777777 1358,1.9575 1247,2.406111111111111 2593,2.6841666666666666 1397,3.164722222222222 
 2745,0.0 2633,0.08944444444444444 2731,0.09444444444444444 2750,0.14083333333333334 1019,0.14583333333333334 2651,0.16944444444444445 243,0.21555555555555556 2696,0.23305555555555554 2677,0.25055555555555553 1358,0.26805555555555555 1247,0.31972222222222224 2593,0.35805555555555557 1397,0.40194444444444444 
 2745,0.0 2633,0.051111111111111114 2731,0.05444444444444444 2750,0.08027777777777778 1019,0.08361111111111111 2651,0.09388888888888888 243,0.11916666666666667 2696,0.12861111111111112 2677,0.13722222222222222 1358,0.1461111111111111 1247,0.1725 2593,0.19361111111111112 1397,0.21666666666666667 
 2745,0.0 2633,0.08277777777777778 2731,0.0875 2750,0.13777777777777778 1019,0.1425 2651,0.16416666666666666 243,0.20805555555555555 2696,0.2263888888888889 2677,0.2427777777777778 1358,0.2588888888888889 1247,0.30527777777777776 2593,0.3436111111111111 1397,0.3902777777777778 
 2745,0.0 2633,0.09944444444444445 2731,0.10416666666666667 2750,0.1622222222222222 1019,0.17055555555555554 2651,0.19722222222222222 243,0.2536111111111111 2696,0.2733333333333333 2677,0.2902777777777778 1358,0.30944444444444447 1247,0.3688888888888889 2593,0.41055555555555556 1397,0.4666666666666667 
 2745,0.0 2633,0.17555555555555555 2731,0.18444444444444444 2750,0.25166666666666665 1019,0.25805555555555554 2651,0.28305555555555556 243,0.3347222222222222 2696,0.35555555555555557 2677,0.3811111111111111 1358,0.4038888888888889 1247,0.46444444444444444 2593,0.5191666666666667 1397,0.5813888888888888 
 2745,0.0 2633,0.013333333333333334 2731,0.015277777777777777 2750,0.023055555555555555 1019,0.02388888888888889 2651,0.02722222222222222 243,0.03333333333333333 2696,0.0375 2677,0.03833333333333333 1358,0.042222222222222223 1247,0.05 2593,0.05583333333333333 1397,0.0636111111111111 
 1541,0.0 2723,1.4369444444444444 
 2111,0.0 867,0.23777777777777778 627,2.1491666666666664 240,2.908333333333333 
 543,0.0 816,456.90222222222224 803,2544.055 
 565,0.0 1480,0.005833333333333334 814,0.021388888888888888 1915,0.06833333333333333 2051,0.085 
 564,0.0 1937,582.1119444444445 1621,867.7627777777777 2609,1254.2277777777779 2613,1830.3872222222221 667,1830.4566666666667 
 2343,0.0 2613,26.929444444444446 
 345,0.0 1089,0.011111111111111112 1989,0.043055555555555555 1943,0.09388888888888888 903,0.10333333333333333 2424,0.14583333333333334 1526,0.23472222222222222 281,0.31972222222222224 236,0.36916666666666664 1351,0.9783333333333334 
 626,0.0 744,0.08194444444444444 2257,0.30194444444444446 721,0.4313888888888889 
 2110,0.0 820,0.23305555555555554 1353,0.4961111111111111 2625,1.4802777777777778 
 1275,0.0 2435,0.2902777777777778 791,0.37416666666666665 1276,43.20722222222222 
 2217,0.0 1795,0.09972222222222223 896,0.10277777777777777 2247,0.1613888888888889 1047,0.43805555555555553 2199,1.6411111111111112 965,1.6452777777777778 2393,1.6477777777777778 1505,1.7130555555555556 2242,1.7191666666666667 
 762,0.0 1458,0.6963888888888888 1211,0.7172222222222222 750,13.158055555555556 1759,15.6375 544,16.72277777777778 813,18.39 
 62,0.0 1728,0.09694444444444444 1625,0.12611111111111112 2732,0.1461111111111111 1573,0.15472222222222223 
 1409,0.0 1080,0.008888888888888889 2392,0.13333333333333333 1815,0.57 1119,0.6188888888888889 908,0.8652777777777778 1814,20.843888888888888 1827,20.853055555555557 
 2733,0.0 1438,1.4308333333333334 1241,2.0994444444444444 1262,6.618055555555555 759,6.676666666666667 2171,7.124444444444444 
 1954,0.0 1910,0.008611111111111111 1703,0.0175 2167,0.029722222222222223 2716,0.060833333333333336 2449,0.10138888888888889 1936,0.46555555555555556 1125,0.5463888888888889 2292,0.9669444444444445 
 2225,0.0 2275,0.014722222222222222 2155,0.024444444444444446 2557,0.05 1462,0.0661111111111111 1942,0.07583333333333334 156,0.31972222222222224 2551,0.36194444444444446 707,0.7669444444444444 
 157,0.0 2131,45.57472222222222 851,45.924166666666665 1900,242.07861111111112 452,267.4163888888889 2351,383.2652777777778 
 1421,0.0 1287,0.21083333333333334 1168,1.5905555555555555 1593,3.604722222222222 2197,4.8822222222222225 1962,25.57 450,37.06611111111111 1424,46.299166666666665 1179,47.32694444444444 1478,48.393055555555556 1482,49.458888888888886 404,49.62972222222222 1745,79.47083333333333 1883,80.65194444444444 1834,80.79055555555556 511,80.82611111111112 2021,81.89694444444444 2053,84.67416666666666 1813,93.8075 
 1710,0.0 1885,0.016666666666666666 1845,0.0275 919,0.04638888888888889 549,0.05527777777777778 
 798,0.0 340,2857.449722222222 
 1316,0.0 2382,0.21194444444444444 2594,0.31666666666666665 398,0.6694444444444444 1083,1.3952777777777778 
 1099,0.0 2091,25.806944444444444 1466,251.03083333333333 2378,270.6122222222222 
 376,0.0 1286,113.30416666666666 2394,168.2238888888889 
 991,0.0 723,0.23527777777777778 2337,0.24138888888888888 2564,0.4236111111111111 1817,0.5061111111111111 
 2063,0.0 1496,0.004166666666666667 1942,0.006944444444444444 857,0.0077777777777777776 1015,0.024722222222222222 18,0.028333333333333332 521,0.03777777777777778 1737,0.04138888888888889 1270,0.04388888888888889 655,0.051666666666666666 1628,0.058055555555555555 1853,0.07361111111111111 2580,0.08 1661,0.09944444444444445 604,0.12194444444444444 2431,0.1686111111111111 502,0.2386111111111111 2549,0.7225 2555,0.9802777777777778 2015,1.0358333333333334 728,3.061111111111111 
 1462,0.0 1789,0.0019444444444444444 1496,0.02388888888888889 1802,0.025555555555555557 663,0.034444444444444444 2509,0.03833333333333333 599,0.060833333333333336 2139,0.06777777777777778 1085,0.07 2557,0.08638888888888889 323,0.11944444444444445 1473,0.5738888888888889 1270,0.5816666666666667 
 173,0.0 996,0.005833333333333334 493,0.02666666666666667 1663,0.08444444444444445 74,0.18138888888888888 1270,0.5833333333333334 358,0.7975 80,0.8669444444444444 1450,0.8902777777777777 
 2684,0.0 761,0.15138888888888888 1341,0.19416666666666665 
 2476,0.0 1746,0.01861111111111111 2521,0.06027777777777778 1742,0.07916666666666666 307,0.10972222222222222 871,0.1525 662,0.1761111111111111 1291,0.22166666666666668 
 2476,0.0 1746,0.029444444444444443 2521,0.22166666666666668 1742,0.2461111111111111 307,0.2891666666666667 871,0.3713888888888889 662,0.43833333333333335 1291,0.45555555555555555 
 2476,0.0 1746,0.02388888888888889 2521,0.08777777777777777 1742,0.11805555555555555 307,0.1575 871,0.4602777777777778 662,0.4825 1291,0.4975 
 2476,0.0 1746,0.028055555555555556 2521,0.07777777777777778 1742,0.3852777777777778 307,0.4263888888888889 871,0.47694444444444445 662,0.5122222222222222 1291,0.5230555555555556 
 2476,0.0 1746,0.02277777777777778 2521,0.07611111111111112 1742,0.1025 307,0.20555555555555555 871,0.26222222222222225 662,0.30194444444444446 1291,0.31527777777777777 
 2476,0.0 1746,0.09722222222222222 2521,0.3738888888888889 1742,0.4 307,0.44027777777777777 871,0.5183333333333333 662,0.5583333333333333 1291,0.5708333333333333 
 2504,0.0 2476,0.6197222222222222 1746,0.8844444444444445 2521,0.9508333333333333 307,1.041388888888889 871,1.2694444444444444 662,1.3125 1291,1.3269444444444445 
 2476,0.0 1746,0.020833333333333332 2521,0.1675 1742,0.2127777777777778 307,0.2783333333333333 871,0.7155555555555555 1291,0.81 662,0.84 
 2476,0.0 1746,0.025833333333333333 2521,0.08 1742,0.12055555555555555 307,0.15361111111111111 871,0.23416666666666666 662,0.26694444444444443 1291,0.2825 
 2476,0.0 1746,0.02388888888888889 2521,0.11972222222222222 1742,0.14916666666666667 307,0.19333333333333333 871,0.30333333333333334 1291,0.34694444444444444 
 2476,0.0 1746,0.03805555555555556 2521,0.21027777777777779 1742,0.23694444444444446 307,0.29638888888888887 871,0.38416666666666666 1291,0.4166666666666667 
 2476,0.0 1746,0.023055555555555555 2521,0.07694444444444444 1742,0.10333333333333333 307,0.20583333333333334 871,0.2625 1291,0.31666666666666665 
 2476,0.0 1746,0.021388888888888888 2521,0.16777777777777778 1742,0.21444444444444444 307,0.2788888888888889 871,0.7161111111111111 1291,0.8119444444444445 
 574,0.0 258,405.0111111111111 217,405.1036111111111 2352,405.1227777777778 2656,405.15805555555556 1997,405.17833333333334 1858,405.21305555555557 
 2778,0.0 2656,1443.493888888889 748,1825.121388888889 1454,2305.6188888888887 464,2493.1055555555554 1898,2493.2047222222222 1380,2493.2691666666665 1035,2493.843888888889 457,2494.1297222222224 
 257,0.0 1995,1234.3269444444445 689,1234.463611111111 892,1234.6633333333334 890,1234.851111111111 449,1236.9480555555556 
 2640,0.0 2772,0.0475 1342,0.1111111111111111 2475,0.18444444444444444 836,0.5602777777777778 1069,0.7436111111111111 2592,0.795 2591,1.071388888888889 457,23.227222222222224 562,26.003055555555555 1344,48.92916666666667 463,62.410833333333336 2766,139.30583333333334 1060,163.74055555555555 
 1997,0.0 336,0.10777777777777778 797,0.13361111111111112 906,3.3180555555555555 2539,9.915277777777778 1253,26.823333333333334 262,59.59 884,82.53805555555556 
 736,0.0 645,0.06333333333333334 2536,0.16583333333333333 
 1350,0.0 2707,153.30333333333334 821,536.7569444444445 
 1037,0.0 1294,61.18361111111111 1484,73.41916666666667 774,171.05305555555555 
 2110,0.0 209,50.52777777777778 
 2663,0.0 122,152.2425 
 2663,0.0 122,74.46722222222222 
 2234,0.0 2303,1.0583333333333333 2403,3.0747222222222224 2467,3.0755555555555554 149,3.075833333333333 
 312,0.0 2448,87.85055555555556 481,99.79944444444445 753,733.775 703,734.7547222222222 532,737.8116666666666 879,755.7258333333333 595,758.0486111111111 
 1794,0.0 2745,1.1858333333333333 2633,2.6080555555555556 2731,2.75 2750,4.103055555555556 1019,4.248333333333333 2651,4.843055555555556 243,6.16 
 1639,0.0 636,521.8761111111111 414,3296.4894444444444 
 1264,0.0 178,1031.0058333333334 
 2155,0.0 519,0.2 353,0.5205555555555555 1025,0.5744444444444444 2056,0.965 729,1.0266666666666666 1609,1.471111111111111 2317,2.4586111111111113 682,13.024444444444445 113,15.791666666666666 213,16.60361111111111 114,17.72222222222222 1613,18.731666666666666 578,66.53305555555555 2344,71.12 2720,91.72416666666666 
 532,0.0 2448,1.821388888888889 312,263.0783333333333 879,267.6433333333333 792,281.84805555555556 1856,286.11583333333334 703,511.2052777777778 753,656.3083333333333 
 140,0.0 1359,0.0002777777777777778 
 1181,0.0 2193,12.274166666666666 
 1111,0.0 58,220.69472222222223 
 2724,0.0 2332,5087.8341666666665 2687,5256.176666666666 2711,5280.2925 
 1751,0.0 2109,0.5025 918,0.6780555555555555 1059,1.6708333333333334 31,11.075833333333334 
 1437,0.0 536,0.0 408,0.0005555555555555556 400,0.0019444444444444444 1302,0.0022222222222222222 1754,0.024722222222222222 2126,0.024722222222222222 
 1714,0.0 2506,0.3288888888888889 1257,0.4191666666666667 2660,0.4602777777777778 2106,0.5933333333333334 2408,0.6483333333333333 
 2350,0.0 2647,218.1238888888889 522,368.1588888888889 
 1315,0.0 1314,0.005277777777777778 1068,6.976944444444444 285,6.996944444444445 2252,6.996944444444445 98,6.997222222222222 539,6.997222222222222 852,6.997222222222222 2526,6.997222222222222 
 1315,0.0 539,0.07777777777777778 285,0.07805555555555556 1258,0.07805555555555556 98,0.07833333333333334 852,0.07833333333333334 2252,0.07833333333333334 1314,0.07833333333333334 2526,0.07833333333333334 
 285,0.0 539,0.0002777777777777778 852,0.0002777777777777778 98,0.0005555555555555556 2252,0.0008333333333333334 1258,0.0008333333333333334 1314,0.0008333333333333334 1315,0.0011111111111111111 2526,0.0011111111111111111 
 1315,0.0 539,0.04777777777777778 285,0.04805555555555555 1258,0.04805555555555555 1314,0.04861111111111111 852,0.04888888888888889 2252,0.04888888888888889 2526,0.04888888888888889 98,0.049166666666666664 
 285,0.0 2252,0.0 1314,0.0 98,0.0002777777777777778 1315,0.0005555555555555556 539,0.0008333333333333334 852,0.0008333333333333334 2526,0.0008333333333333334 
 1617,0.0 1509,0.007222222222222222 1870,0.64 68,0.73 
 1911,0.0 1888,13.215 
 149,0.0 2467,0.0002777777777777778 2234,0.005277777777777778 2403,0.006388888888888889 2303,0.008888888888888889 
 51,0.0 1018,78.2 2121,330.00555555555553 2110,345.4261111111111 52,394.12444444444446 
 1794,0.0 2745,0.03611111111111111 2633,0.1325 2731,0.1386111111111111 2750,0.19111111111111112 1019,0.19583333333333333 2651,0.2175 243,0.2677777777777778 2696,0.28444444444444444 2677,0.31527777777777777 1358,0.3333333333333333 1247,0.41388888888888886 2593,0.46416666666666667 1397,0.5186111111111111 
 1794,0.0 2745,0.03166666666666667 2633,0.1288888888888889 2731,0.13555555555555557 2750,0.18555555555555556 1019,0.19 2651,0.21138888888888888 243,0.26 2696,0.27944444444444444 2677,0.2980555555555556 1358,0.31305555555555553 2593,0.4125 1397,0.4588888888888889 
 595,0.0 481,0.15944444444444444 2448,0.5305555555555556 312,2.6008333333333336 532,441.8072222222222 1856,444.2402777777778 1228,450.0113888888889 703,616.9294444444445 753,620.8527777777778 792,624.5963888888889 
 2573,0.0 1177,0.006388888888888889 747,0.016944444444444446 677,0.255 904,11.116944444444444 
 2692,0.0 1382,0.8530555555555556 673,63.76222222222222 2630,70.00722222222223 
 2686,0.0 2683,70.9825 2318,202.22555555555556 1384,216.2252777777778 673,255.65777777777777 
 1377,0.0 2357,165.3011111111111 2683,214.4427777777778 900,345.4813888888889 
 2715,0.0 1399,258.90555555555557 128,1348.1719444444445 2279,1546.455 800,1700.4125 2598,1736.2727777777777 2697,1880.0005555555556 
 474,0.0 2630,30.70916666666667 
 2729,0.0 625,72.36111111111111 2558,111.17277777777778 2420,122.15972222222223 2596,239.89277777777778 
 2715,0.0 1365,1614.911111111111 
 691,0.0 2726,26.404444444444444 355,108.99444444444444 673,159.28833333333333 2630,165.5263888888889 2680,166.83416666666668 
 2123,0.0 846,167.89888888888888 888,192.45638888888888 2394,430.2972222222222 1636,841.9083333333333 1393,844.0594444444445 774,1012.0916666666667 2483,1499.9352777777779 1097,1765.38 2110,2112.8372222222224 52,2280.048888888889 
 846,0.0 888,12.849444444444444 1393,195.21194444444444 2394,289.35777777777776 1636,755.4427777777778 1883,1561.2041666666667 2110,1995.9397222222221 
 1393,0.0 888,29.35388888888889 1636,344.4011111111111 2110,1656.4722222222222 24,1659.0080555555555 101,1718.0033333333333 
 1098,0.0 1393,113.96638888888889 646,1465.415 376,1787.3436111111112 2121,1810.5897222222222 2110,1840.5502777777779 
 1416,0.0 7,0.0 1656,0.0 1777,0.0 1824,0.0 1840,0.0 1245,0.0 2386,0.0 2487,0.0 1753,0.0008333333333333334 799,0.0008333333333333334 2002,0.0008333333333333334 2125,0.0008333333333333334 2255,0.0008333333333333334 2398,0.0008333333333333334 1334,0.0008333333333333334 2524,0.0008333333333333334 2530,0.0008333333333333334 1552,0.0011111111111111111 1960,0.0011111111111111111 2238,0.0011111111111111111 1265,0.0011111111111111111 2320,0.0011111111111111111 2543,0.0011111111111111111 
 7,0.0 1416,0.0005555555555555556 799,0.0005555555555555556 1840,0.0008333333333333334 2398,0.0008333333333333334 2002,0.0011111111111111111 2386,0.0011111111111111111 1245,0.0022222222222222222 1777,0.0025 1656,0.0044444444444444444 2238,0.005277777777777778 1753,0.005833333333333334 2524,0.006111111111111111 2320,0.006388888888888889 2530,0.006666666666666667 1552,0.006944444444444444 1824,0.0077777777777777776 2125,0.008333333333333333 2255,0.009166666666666667 1265,0.009444444444444445 2543,0.010555555555555556 1334,0.010833333333333334 1960,0.01138888888888889 
 7,0.0 1656,0.0 799,0.0 1824,0.0 1840,0.0 2002,0.0 1245,0.0 2255,0.0 2398,0.0 2487,0.0 1416,0.07833333333333334 1552,0.07833333333333334 1753,0.07833333333333334 1777,0.07833333333333334 2238,0.07833333333333334 2320,0.07833333333333334 2386,0.07833333333333334 1334,0.07833333333333334 2524,0.07833333333333334 2530,0.07833333333333334 1960,0.09027777777777778 2125,0.09027777777777778 1265,0.09027777777777778 2543,0.09027777777777778 
 1336,0.0 567,12.8225 
 2599,0.0 92,0.0002777777777777778 
 1794,0.0 2745,0.0225 2633,0.08861111111111111 2731,0.09111111111111111 2750,0.12805555555555556 1019,0.13361111111111112 2651,0.14888888888888888 243,0.18194444444444444 2696,0.19527777777777777 2677,0.2063888888888889 1358,0.21916666666666668 1247,0.25555555555555554 2593,0.28444444444444444 1397,0.31666666666666665 
 1579,0.0 496,0.4113888888888889 223,0.48694444444444446 1706,1.0769444444444445 897,4.173333333333333 391,5.605 1043,6.078333333333333 1335,27.61638888888889 1503,27.628888888888888 
