 20,0.0 192,0.06222222222222222 12,0.11527777777777778 83,0.3522222222222222 
 147,0.0 107,52.878055555555555 176,54.57888888888889 
 60,0.0 41,16.126944444444444 105,16.413055555555555 
 162,0.0 142,3.0075 
 15,0.0 42,2.370277777777778 
 163,0.0 119,18.254722222222224 
 123,0.0 132,51.74055555555555 
 71,0.0 49,0.5516666666666666 147,6.858333333333333 
 194,0.0 136,48.62833333333333 
 47,0.0 165,14.053888888888888 
 116,0.0 199,12.504722222222222 
 53,0.0 120,0.0125 111,2.7952777777777778 
 23,0.0 126,0.3433333333333333 85,0.5788888888888889 110,1.0227777777777778 45,44.4575 
 88,0.0 50,5.856944444444444 
 46,0.0 153,0.6011111111111112 
 8,0.0 73,0.4211111111111111 
 170,0.0 39,49.08305555555555 
 169,0.0 141,3.423888888888889 
 103,0.0 162,21.86277777777778 
 22,0.0 135,0.02388888888888889 83,0.36916666666666664 
 65,0.0 24,56.9925 
 61,0.0 164,10.756666666666666 
 100,0.0 171,22.418333333333333 
 53,0.0 120,251.62777777777777 
 79,0.0 164,20.49 
 144,0.0 198,1.7802777777777778 
 86,0.0 75,3.1972222222222224 70,4.248888888888889 
 173,0.0 74,0.18138888888888888 80,0.8669444444444444 
 113,0.0 114,1.9305555555555556 
 24,0.0 101,58.99527777777778 
