 20,0.0 192,0.06222222222222222 12,0.11527777777777778 83,0.3522222222222222 
 147,0.0 107,52.878055555555555 176,54.57888888888889 
 60,0.0 41,16.126944444444444 105,16.413055555555555 
 162,0.0 142,3.0075 
 162,0.0 27,0.034166666666666665 
 15,0.0 42,2.370277777777778 
 100,0.0 64,0.20027777777777778 96,0.5494444444444444 134,2.812777777777778 91,3.250277777777778 
 163,0.0 119,18.254722222222224 
 71,0.0 49,0.5516666666666666 147,6.858333333333333 
 47,0.0 165,14.053888888888888 
 116,0.0 199,12.504722222222222 
 111,0.0 143,1.9638888888888888 
 53,0.0 120,0.0125 111,2.7952777777777778 
 23,0.0 110,0.2786111111111111 50,3.7583333333333333 
 23,0.0 126,0.3433333333333333 85,0.5788888888888889 110,1.0227777777777778 45,44.4575 
 88,0.0 50,5.856944444444444 
 46,0.0 153,0.6011111111111112 
 170,0.0 39,49.08305555555555 
 25,0.0 158,349.16555555555556 
 169,0.0 141,3.423888888888889 
 103,0.0 162,21.86277777777778 
 22,0.0 135,0.02388888888888889 83,0.36916666666666664 
 65,0.0 24,56.9925 
 61,0.0 164,10.756666666666666 
 100,0.0 171,22.418333333333333 
 53,0.0 120,251.62777777777777 
 79,0.0 164,20.49 
 56,0.0 30,1.43 
 86,0.0 75,3.1972222222222224 70,4.248888888888889 
 173,0.0 74,0.18138888888888888 80,0.8669444444444444 
 113,0.0 114,1.9305555555555556 
 51,0.0 52,394.12444444444446 
 24,0.0 101,58.99527777777778 
