 60,0.0 41,16.126944444444444 105,16.413055555555555 
 162,0.0 142,3.0075 
 162,0.0 27,0.034166666666666665 
 15,0.0 42,2.370277777777778 
 100,0.0 64,0.20027777777777778 96,0.5494444444444444 134,2.812777777777778 91,3.250277777777778 
 163,0.0 119,18.254722222222224 
 123,0.0 132,51.74055555555555 
 71,0.0 49,0.5516666666666666 147,6.858333333333333 
 194,0.0 136,48.62833333333333 
 47,0.0 165,14.053888888888888 
 116,0.0 199,12.504722222222222 
 111,0.0 143,1.9638888888888888 
 53,0.0 120,0.0125 111,2.7952777777777778 
 23,0.0 110,0.2786111111111111 50,3.7583333333333333 
 23,0.0 126,0.3433333333333333 85,0.5788888888888889 110,1.0227777777777778 45,44.4575 
 88,0.0 50,5.856944444444444 
 8,0.0 73,0.4211111111111111 
 109,0.0 186,334.3641666666667 
 170,0.0 39,49.08305555555555 
 169,0.0 141,3.423888888888889 
 103,0.0 162,21.86277777777778 
 65,0.0 24,56.9925 
 61,0.0 164,10.756666666666666 
 100,0.0 171,22.418333333333333 
 79,0.0 164,20.49 
 144,0.0 198,1.7802777777777778 
 113,0.0 114,1.9305555555555556 
 24,0.0 101,58.99527777777778 
